65163557163281457826343721551116357725187687282873642182671381238316844718117755573361764516271741135
41451164777376253357835286475443351311762163868675317675433882226481526774781544564844768452281534223
46146541521636258452883643586477838755338412132833325287147746213538586878635176782655755512536128126
45224427487235788763772245814677464237637532742246185611461383312311384756764865871618721473452655533
45774835415748236613653373457631115468342534457678464676258624267147844632524748578371671742852451784
53746832872518368674553313247647243621853265114541823573515317661711736586768373458141533522582377722
48372178812412456488113444824737832441143336576786258352764162554871226457761838186567541278341183125
85582517223443658651261182845178577516826636246588161255636738234232566726538287231661232417268882676
72221736354278722477388178783224254547727381413638151524843674886362587835255533122472186582162157378
45222483424552718348684578881757121225787867784184517135747441472582781818535438746831171286432856833
45857677684148157456245563355584477361213155543175268285484225366456825436413244842754488168567262124
47138864841812658757156352655282561651124446879844998686446816142251378115465874866446738854684161373
23186237381618288325223525866845885521458587577578779696855999466865883167384266737873683826212315716
38777343854226661211621273875471188397854865858877797777567698864878348658632444286275524256777221343
13147585648611185811326313632283374668599498859486779684768959975594126584264221383772183766437113176
26436746425224578615231278126665458577469786958567457965454674647787555342717612266317612525875156784
53286562131614645264755627827594588879987987755469866965547977794657986738264726743675188237355736313
82161336875258516157678783388877465758979856655696545897569694654876477879281336474135248555423438865
32864164661818135415186617296778797975446887788687756584854646456965546895686442162713865735768326228
57623544313586166216724374997967454587449866794767475967485896644596546788892138566826454733635118434
22484251878315884385337449644455587756954988757887647776649456968646486477697368116555558844326574347
41421534237726321568887674869679954695599794998477595687886584455744658956896847738246137854764478252
71747458324574576585458494577879756666554689599994669687969794654656547799899959644721551524877313565
55431127212123548824747654894769655886687896996489474455947789494759997454648797721242565215425672844
35583557783642563683598988884984745459875978546475444975567986667848764476549984551471646527143136648
61684128164127278115657958468459486444675756589977858565496855547474978977489546993588844756188542286
24632842234821644874564746454668556865577586755859458555777985588667794778747655555438825831355531283
65517587318124543499959848878667646496475987645646849489847656588956567688746975967614845824586482668
86432736163854322568864977954655675967668545484645846876779895794677496855849898557595814644718264666
33864873221738665776567686959494767547565657596988945889468784649568555955756796985645224744127467154
63141473385451637746599897774846898465995877748498974958765746994545666749984774778485356461451881885
18338682464342368684846986576988546674758475454677598897485454594896857766997468698468858575653733521
64544831452114155665576468696859476958868698968678664649446849669775998854675874854764855524236464233
34158886742512396567486789995957867694899794699556774657689844965757954797686885646679964768756712682
24672814627626868546974645766876645667589497758797849988465949897669847554958946857949457271381711126
22421717252728566466594889547447889455554985475588477784664556566597665999655848744789661334143244113
88462276643235956598964455856595977899946547577787577646676794696778865497855984577897569871416621736
28727387313588997675456949965597857777445794957457996576459565589449986858978855546854644134574633728
34433818281749966757597498896859445478896545598549789775598588898474985975549747969595887475555327487
11553758334874955754465494546889974786966747866944887646947865776976979979698986697869975545137415888
52465535851755449855769569849669786564569645597996746766579489467665494878889987889648778557772233483
44634781875248595755586847944874757648666896978548896946987679894759647868468459954797767885625648626
71467646237598644584585868885976784559666749468544455844458584898666474487456494769588695965637381425
55124546214768666497478648784759944455798846948885654484859594588594456879874698666974868796853761213
52212272167688468966999545464669574987799877475886544647974867645556787669589798699899478755318716237
63475237256879587596844659789774679665645557555566876466446495478584977665456676974845566498544132377
73344385444496879467685966467948769555554444569447878545974688448969668576967587655648959942275661675
62284352676967994599667857797554654985657455878696597495959866654845769797466855657547488896272711716
73754582622564474947547884679647854769964554547685988759865779857459759487845487664596765741275486184
22384236468957877759899597597485489697494456644754746897884797857478598496697484564559694874828282354
75558761431489677969959675997654994596456668758576@59566649956864468756756848878944998998996317761245
25118358641758477988545879549747969757699578869549689975566545866997894488666876477565467644236671377
31466412511987687465576659675547686487666784985994565488845885466966456878758869945477997745825346857
61817642154755489945694457978954954476978745945744856465984556676659685554597446476459574568517131662
53768846573678465664796448756594446654575884597749684688854567766444748989767469888694476454236286242
14457456622449949769649968774487957487967968947796946566459958964784464747977454549495477786813157261
43511158654646587457596685767784676866568458977967657988998868747976874978977557745688664896313788117
31265452874488496758857979885545655849978985585444949597676755984888664949486778784455468595167163672
73375255214787987795774788455489669648755699547575459494568767754849595498757744648456478578611557364
41221656351874544954578775468569788556969767854779567949546997894479988987779547649657599777676266453
23276635778547899888449485569489477488449599768696776465466878757959455487576678574968689961233317463
88614837648176566588786896879859974554968464476787676895668659999785687469895646868789679541454177846
71368767417876875577449759986796877448578766684785786879974979585774779598866558665844667561588351654
12583515654844885779489976876858957867546799846889657546747698548594698668599744884755664371852714261
27172683431714586569669748747699885698875878599594447677884957485765858488696689597568948531322625431
55544487471414465779958686467695949888556675495868995864996666487994469495494488876946697442187746823
14816848344675885966694799978769989589649648497485594996985679786455848765899474646979488533223617244
64418226637125778647774544575557988595548798989674548487775999474695858658559694668946544638312655532
32562331447673165584467996987899866874554879974785884448894648749957966984668959899945627636818173772
67588734422226558595576855978695868644764645876667489665994877458455769775994567564664622726142536751
74224268627186678968695586848685795564488567658444648659698764475945666684784565749989166515573512324
51367526646245845979777498457966754989455875466759974777485566958844846845458955696774376138246226122
15567564711848584777896765769556646979555794554756689857695689779889759767857955888445452868283626132
48552746462512147757446994658766695897495988788656755685787456687957586676785788468968151514786523514
23516366566812315686645996466744886849949979457644766468798444695559487896695859875538341424125747552
43525465552444734769784544894569688454869495569764874897447996799948749669884754947364747665772574851
57451163541276742428677946879797988884485489949879875799786877854859846977446754771322675162866142556
66726783314584735678897966767985779559574965467576686874568886668857948948746787762352153743467218528
76838863147122535732864875955688784465459575886784794768955445899768874494984888677744731757115652615
31485116264681826311759698849995656488896996757744657988879675875795965949456495172312284118481746512
35354612583742115727877479964876446586689495768887976684966959679878869556974645787811855715268287263
52527776826252374746324214545847584697846659564759998879864746695779457977757541172575553172717868274
42644211433846352411784172558698655664468486466979696648976999679865964975691577174362427744222886572
18856878437883174422673677555655794774946475898999987989768754789746578875565755124764117873625223551
87167547136165874564377648656866864665947488957784767494864974988957476574586888172284577138312268353
82122281532113547323315127648657889766487544475468945456989657895658596482541322167123626872786835137
54115245335728582472462574213318786768499668855679657798864569558778761814424525617167618828542866426
48147784141627454114378715671764888956776867784946679859589945944495633842485422572363362464627585274
28144142552721651643427134847517386767686579898957898798994665474731668615723252871241222256438147412
87213332281586373724564556325385735561246668884498575975496879956443336176546427811661371568443416213
81321571834327753383538335761255721538141365558487959999887874628213835826776134555187546883168264144
26358346852874875485341171423757451722515448574474344222171565213752513235531224571812261673725453615
54144531575133541831436371763245815573812221215575171655824744155768247771528166856856645577212825217
37424847316884656454643375235678332557553326454451751178274217664731556286283541844425455571478653143
25663788773253685622677215518674141281868857242451821624762666136743551385556357454251717375118838881
85231431346647741552243155236477311755241268556856487646132736476548325862683118127886118568337548177
23412535215538237521237226248378672561654642135837547278355344888821485465361126384146231816126213512
34161568521813111747828426157743477583846765574655485362774265632842642562257621682688785478651366571
13287381323284518617234334632828474261336253821736748222884782275815845816676165821886585845232774725
45261365171481626468437247647835684544465235738155174571857623253636761615374867486382123561263863636
66362137113712877583854867261734777747857616432372567282824672445542873763836212522622341822383854165