9959749925788254344532241745932
2291369596842337994378987272262
4594126652474112674845722214262
4956818839166574779175276613965
8138554435816437359611522891429
6783475748952927281392588253595
7814494311296224535893999629515
5156546112221338667182417799494
7844513971852514842192236818787
3281596757788952451321391992887
4424861374468557862338775477577
8937159635364544165425978412274
8151387586633258137743289412317
9623188962955873365633255353199
7659929412491481117828794477817
372296737263169@712299857652182
2997177178281426819859291976333
9861183963775839233451491279633
3129246566875392179752383915739
1944891721243995194957523877794
2741571646934943224143756544297
3144115331296654515341194547231
2436799216161289329813161311584
9846832819849447399197756797832
2747979587342356975918952894273
6877571818279366552891144572698
8721463583164754332599731225433
8423672666251692219252338748367
6752294485688378993813387569447
3542953668455227863556243239699
6732116851119927643417574736446