4586448584458647454774554657448757444787576758746754475554573456355555775365775467355476745757745333468875776558657455844544474574574757747456564476477
7576884747467774584564678446484645554487574454456356545654473633645354546443447675545365745556546733433548554884656677687674877465584576646654545785485
4775544864566847847446756568867574686456547775534737557644533357436375575335643656577475643356357777333555548468556847675557484654546644687465856448556
8777448776667565557686568454564866587855674676367735444557744375474673344467437365734363744546737733346345546664744676574646474677578765475668888477657
4678586558544665878477658745777588446646663544644373576345456647474346465546646344453657666566737673637755544437556577555556855775457647856755588577865
4774448568877584457764864556588768544774567737347573357743544565644573377536733363755343655645645677374467765776764586878466446455675468474567884777855
8686656678788847787748446488748487843655375657753367643675475537764463437444733657636766736756735455435574657775573865476788848674647466666565448556454
7586846854488555667547685547864575667635566535437433547344545536756445737546536456674767654343757377666466436576554448744747765886544656557687457568847
4554476666545856444648566548846885635545366764534354663666653676334436763111111134565736656547756743353443746674666664845465658475447584876686757584478
8644756444755877856455874458865366736354375367436536657463353466563531111199999114757563335544453534335373646655763635364557886665488747754584587586776
865577757886478885487556564885547673647634655435357733445653736646573199911S999915445676344453337643373446734467376637637488485687578764778584878574847
8754476467568755446476685455637733655633555765645575565777574434557771999999999916475677555563674677336553376543677347335534588484584888785577646648487
8475757787857585476486886546643643673733673764746363434453363357344441999999999916377635434676773755645643555533766666447333774478477855478584857845544
7475564766778556586878546655553453547334663546344634756346474667577334477999999713674336575473477556536447344557344565347447567884484868577784584688645
4887656574474584766554777354464563733654645374636656366456343534374775535699994414777637345636744463763465466364577373557657766778845886588686785564874
4844767774754587666547736645466743676567754364663763467645635336653664434367675754376657445673533756446456636733454735674365774485677484677488867574857
8654547784577654466576547637457574567754344553764633667336653375755366363657366333445547543766543346345765346356657656663546576645476888487746876658856
7785564648565477485746467375544774765667456436445337553544635745743467374537353653776744434357373555435446376354456444766655473777584774655548785887776
6688557767754888668875364344736437566646663647744764557674735763543656473676355435544544576375754777435734546733444647546347657746784888484486845855678
7675757555755578887474753554657665354336547447676376476657464546757766545635377477774636353654347467547575643435546457455773363736446887456844686647556
7777545488756446647463373353646464473653375544766366477777546477646636335674563756353473776446453464345773674466757365576736477774437775578745774574557
7684785468445544834565677633674646767566466645754636375674747376664433633656545674465464336466546344777743447635644643475374345666777475874554546785878
4447547488884848445573333656334575366337457555445557544465735437745733473435577377366345345466435775636574676437337477745576543347336754866465756887747
8447774647888466665664744635477735537534443544334754737455776766345532543464463454455647433634743347455347673536435454373734755633343575667747888784468
8447775767868766446674464753444574375554444447473676466433356642423422624255555233663264643373557474733453533655637673366563375656533664778658887786787
8565586754856665654763755445556444444555366635464365444473255224464266424456256443242465225454446344645643647346635433353443575436765646748686846858547
8658877778457345776456445575373335474357746434353537566434646645352336545662626554255644265256647554463555444373547553567557367545637454634778884865585
8884448487866756346563757433567754677454767643767447732466645636464643224434655633443624556464252256577436454477454747344476354534547737374576754556754
8858486484444566745774576546563634333437473644343543665334232666466226226355546222525243656252254552563377737476777363554533433377364644474347886447847
4885854474553357777354746457744545634463356777375464564242543632552324566532656355654664225552323654654375376665756634655634436663374674537445776688678
8476848765576335657344665565645463766435446565455543336325224455335322224656624622455564444643533344425356746544355533336366444474653765544336868584758
4867664486667345754543336663634574567457437456622663562265622436643534465546334542343463635434263453666465675657376634433574555437433564547646777675777
6658787776377557374433337537364633346736745432633435442652326652354353526626555345233536435535642432325264676556777555746663574444356344735577684855868
8474854663677634746465556563364636564355553664634334543665524342635636356426346524622526364423525263462553423477656635736476455747477676473375364858846
6584786563433757466556644547673335446766456456242525555544352433333256654525344644335536465625632332424456256365434455655647777434446743556664346454657
5488786444643777453666456754773744574653446333665532654543552524646655423326422233425333352244444546546666463264543773336556733753665674667565638585745
5668846357457554735464775356564474647557444565522546526224456265544425443344243365645253262225242236242453356267746373436447367346764546363665345667487
4587464764633765674773644335365755463465466334522235433326563343525422435522244633652654425644454322652345266446554737666544663376345547743375767857658
7448654745565644554635735577446335537455246323323553343664534622252323526462662462342466645222246422322362365626263657537643776464663554535347757685684
5877645357376654636573545435654343667434466633633452525262435355355423654423246326522435245325553562665534335656366643765746454556374435635337765364448
5456547765637666444363576464767353376363353643525226526554244653322355443345245422252325523662436346343544625432643773563746745744365476574477453366686
7747533363376567446365634745355747365545226633344653463452464234453562246343242555463226255422233325362523455223362233734776757575564344337574653376764
8584656775647647453567744465646376663325462332343554422325623533363233622526223326565553252652546346426553222644366434575455473775466354464664753643784
5767453736667444735773653357643433434226243432346442433533566663455544355434623564656235253546444625623356264263634655333436775745646644365556536736484
8647576634774375647443575765537746345335652663563462646652354555436224465632622335526532553243662354322444453666546432666477334563566465637644377543784
4655737373637343776553375554553422353364523566555345346426654462542356456622436452365556442662633555546626423356344664667334354544735755474737573364546
8644635635776573765543767656653245354366453623344236325232325263636653666354222534226342626665342622563344625235564563337346737367665663534367535356448
4553755443543753535537655644353634545652436222453235552645466664426343355644342626442555326265466455256434456433544643246753574567574675476565346674437
8563363574546444653463753774743435455256454632434526422426533233456565626364536233653555363462652235634423236544563432234573467774476764464343675566536
6346775774345567735475765465332536643265632462645365435232423465433532324254445443453534225532243453366545363566266632336547437546564633433647764665753
6357575433565474437675567473344326256662223366235464325425334233224533434322552542525645256422356463352433645332456566423453354763574553376676654547456
7447675475766365455464773566425232456454656354252222432623662465443255555532322254543345352365432265253262664545636543552527674663476546437574456766774
6465373476746763744355555534254444625424563453565232256432633532554553552242225253433243362662246336244444455523646462343254737434356447373655345474764
7645444467756577765643346735566645562454425663366334653235464454225425323523234445333523546533552322462662536434654563355263775465573675365467337434745
3663777555475565374755556643463342552353535333525354466425253425442455442433332243233535524253424553364246463224236263362664346435674554366445675733467
4566364543353544774737777663364266453444452346332636253244234443535225355355324245453524232533322453466332534535443542352423374673556465734653677335647
6653337665776433735476577325325536345332346643333446266335524543343254544553255445254555342522232365226556356666624555424264544544444557537537474737364
7657337455767556656354664636546555332662433556436662666354534342545345543452432355235553334525252433665232244646254225626263457764357735446755766536747
5446437446766657535454457465553323663643436453426464454552352423223255452345353235445333543533424253226266254634264222636526655463757363755775435736775
4366436335376374633436575622532543423452623452455336322544442524435322232433552432435522224434243243652453452353455422254362664754737475743665674577346
3747346367665367347376366324333665422622534363353424465522533435422525355232432234242234355332443246522234244626322624652625547544445544676734774666367
3464357634373344745655445643555332634345652646426632355233334524535342235324325432355232354234322332253525226446246223656356223457557574455556775366737
7343445656543545443677632625536643664363344636366552225342452242443343545424333242332334545232423534422535624643344363624263453364664334353533544376574
7377666547543465466674436662426326264463436533344425353322252422532443252244242422333242524234354422226433452336633643325554525446573473767746636674475
5333437343457775664533676445263232563423526365543452245544223344445345525344442332435534553455423543323664445364445246243526352733454436434636654674564
5476673733453673444765462425342535262562352646325323454443244254534533334523354423525354544332353452624426636226424622264422243246377745356765356765335
5745366434437445656443452552262642532436565363646225232332553545242235524253523545424233254442552242464265425224453524653456262656353357447677333567773
6674533773345666554547422533433624434225625456664425343225553445255534442332332325444454444355443233332365255655256633226453256347565333775566646436363
6775336765577755354675343524464332245532653366665444223222442322322234533235422253555233255453555242424535226533642643463436562346764634367666566356367
6566445677773636636343746643324352265552265346265533435453525245544252354443444554443333324543442335226465644423553253623524523536546536376376444346634
4634354666445666654775432452323536522326562256634524433523534533222252434434553335325353344244542553333254223335656635325542245666663763643644357553333
3554333576773735566664464344424554334222622366256345452422252555345342523255444435325552342443345332553445325225222646443363443477345467555744775334345
5333643354543334477643453364324363633666435353553533335432355352335435243222522333543423222355353425435656666363536622362366426563646746344665454756745
3635374335473773367353656442444564233265236264342544244455455534443545442453552254324432252325223553226433543452323534424454435663374645553766334354735
4534764643363433563343264352466634426556436235653354423222422243524325234532532345233244432522444343455446363246522565543433424345646333367464736433343
665376764434573367643625345626565625634353255656344355235223244422525243455@424235325523324422455334525552425443525634633325644633454757677464533635577
4545357755466336357757525445523224656356646364436234244423243233522543554599923353443524533522454434256623462223626463646636436433677633647557777657543
7757546473537663737374652636354432645425462454542535232543245534334224332499922334222554532343234322355245645424366635463653235457576377767644734765455
4456345456757644773345536435245555243363333523626455434233543442455444544599954232325233525535435544553544423562244234333563425576533336774746736466663
4675646357474543555465765342523434236646664356453225542245235322523424354599932524225534555442354244326323625545426442255444434545474444534774766535476
3536663455436547546744634366332566442356443452443324432533343253235345244299923535452533533455335223323546522525463233345442234367473674365657745345734
3345563346577554546335553664554335664642325535245224244434452434554353254599922325235232425423443333455456442426243223263454345554676363547436434773335
6567346434435573664557324243636344655246262645363433242344223235434522322299954223442523332523244323342346232423225523264465452374447736577565777553466
4656534463336573743767363425542322565446345455622425343543354433422444252399932453355252334544545332434325443545266242652436344643437336535434755534677
6676745355367747435475544623324552446446625236652655524545455422535445443599924422344254453425254252236433432666462646625332364557775364367463336455675
7744775756766647335376544363226666443433533454552363342422432254543242343499955424233255452345422522626264422452365566624354263543643544676335545463743
4375457764434675445666666445656653225264434432664652532533522534335244323599952354233222234225425454423455224642346552426355343757566555633575637653445
4374745773776766545765776224635465666533664245243566432555422253242432423499943455325245442433445433222566445445226226346323443544466653473535575553564
7436465466337444546335632553523355332554464565336623324224442552254253442299935442444235525535352344325362362442224646443666334756474644644666466636345
4573376636643475577376446266224224425336222336555622622222422534542243444599944543332443222354344455526246263444236344253623244553676547564367543334363
3377476466535576744374337366266353226646255364425636245343423324554255225499923254252345532325532256646223362645653362246626644777743557374767337343664
4537365346466346736466666266462466665546453355565532243543454322244354233299952232325345333255254425662566646434552524362253626654635444357335655534657
4455433554766657377563336436232453355436436542345342243544345343354254243599944543232355434254523232325552552466333565644324463644477544655657346374767
4553666533775537357636353365334424534223563423642253646245532424254345522299945552325252222224333265532262246535534335565623365465545464344735367676577
6646765334756665354566343456636225333344426546435424362243354344335342445299924555553223453545546342423332432244552326453364256365666535335664646774463
3444654456464333745646777722645325454456636236253643256343354244525443345399952454422342335433452633533642665222555325435664556564335353653573537745637
6677553364664537533437376653664323225634232522466665533642244352252243534499943444244352243452455224233342636662523452222656567445644756767374637664356
5563535565653336635435654565225624443655224535252666462335425345234254333299944452325335233656323244535242253645265644326636637763464735754455775447674
4377675733356335437777467557344664666362564362353645355642355454354543433299955334422523362445322532554344453665534255444254556637663757636777447746553
3554553475656765776557533774443352263644424425633246334524225635442525543499953555252522664353563432462525356322463563645453455556536664344664434455544
7337343364557774757647657677666333363354232524356434256663536542556253242299955335455524363324546366644363325542322326454335773735633356656354364433767
7547333456464554535374437437535322664424224333532544262446623463242256253299924435252533563653266553554265432346356452425475367746375655666664343574364
8634565674666753567344666675543463564332423262446356655632324553552536344599962335642545663523553336426334524225536335366376637446366476447376536645544
6577566356564345773375434754432443534234432253444433342634522366355344334499935266246264463355265666352634334645532223325476356636677474336377676634666
8547555367463567635673433547375625363456655232252253325544266453363424643599943323454424345554232542564546453436322266365563657673643655377743533373555
6847634555754573365634777376375422435242262434245226454546443422443655353399934435333254666542425344532236222454655246576345663733356773773377774334445
8843455564754567353447363755647756655236452652533623566334324566423652353599956266222536666352226343545354565545622546667635374764774574446355757363568
4575563554673465436544554737735344536364233266366643426464536632565624465299954435246433566642643462464566346463255526657434635574543567556545356666646
6643453745565775454733636477434435556432324333444666546424224225636643425499932324424326445635642565255242423323545527677653776377446673674455556653686
6686544777436757453675654535637553562365333564343325354435652422442332262299942324446353663234565264423655432633542367337353574537354576566666576664565
6587377373666573345537534474567756665655433452544464443444435556424452336399946245545544454265643446255336424326526456567446337467473465556455575637584
8448453567544337535637777646374573653463243526246626454546665432434655522499925422626422452253543443536555553642333473743734665437447636663437344487868
5777437665636754765375655766774464454454443463235562466352532344542525523599934252522554242543243345233632662234236673434445365644473533477643534458584
8548564755635674355376466757535677765456533224236644566263465325544645345699933625225454533326245653242435653642737666675444546746344737566545656858545
5477856474367636463473753437643646344656434655524654665663463554632425262399923542465354425222456264634366233256543465375356674335473453347753543554847
5446464573434463737456747354474633333633326636224563462544262252654442546499952336663233662255343626226465534234377733467673447546457557565773356575468
8446585573557333347773636676746535444545576536656665534635365563446524426699963334462626434526525342343562422665647444655764355545343433743337654476545
7774746677647546355574456737744465653774356233256233244633364234532323663599965344626644265652435252335256233673345747764365534535377556757435657868554
8778748556433463545564565346563375354766534733263646546426252653534466622499946666235266423426266564326644476334743667657766743734467377633675857447784
6684845546466476366477746454546754455743555374333435345354236564656543622699945635464635266625232563464324647446375734565464464567344463547555844486845
5656766587555664647555636633735753374346347744434234463365552655243536525499925323424324242223324463653343645355377477735734747444465545353654886754484
5588648586654654453733434573373673775757446753667445332556623445656444625299945553422663523632623536364335544456475763765767674675434666763467786867685
8545767486643466634436757545643644566465735344377673443454363543242653435699922243225345224354364432477563446556443637564774734334373777477348674755857
6764465558683436736435557365375666456373373634675754744432362446223263532599933425554635264255222253356334676455755664655576435353734545367866764568446
7567785864546376463745447554735473347574334377737666644665534245353454262599954622244356363435227655436743756764344746567364635754363534676874775686678
7847877676766575463534755375543674655336633554763476656656544466356254562299936543455224453563664635746357555573433543774737457543476764766684646446755
5865757687885443347563373667766554757563534553374437664573453352442433453599922432325565563565757553545355357676373753635775476657634634746657866866564
4474488746888574745777363655464476753746755554336647573755743373455622524599936652564537765657463677653533676765735443633636446656545354877655668588865
4785447757854675635556554376344376757646444556554463546776753343754755443699973453675574355754565475545646735573456376357636466466557435784757488544857
4558778788868746763756634753435666576676464447357646555765574533647657337599974777547356356556634434735574537436564746667673434553336486787674566778785
8884758874885646684557353753753375765673365646474533366333735774344545463599944444345344335567435546333746754545666474756535357343437686867864678888788
4654768486568865768763345365643556367453436744637646673455657343443433334399977435467564633673454753776733454334444475356343534666757866677677575874686
4678866754654566864856454753737773345357756565347677757533434675775746766799973477765555767576674665455577645666657555645543376445677748567748457784485
6566878477478588845466465346543457336557753673547466676365356733564534734799965444666664753777674363737677755335545564775433777567447645655858866748668
5578557485588846567747575734467746545733474346665467356365467536434347444399953735777376553374544663333756475537334753343563374637868564567674856457447
4485886885485848847448546544377563564343474775443355645574756374677447736499974476564453356345646734543646766654636666435664745585777554764784745665754
7588464444787667447455857336637357535453347763475345637347363373437545653799954673667436354566474473374644553774643567657544656778444757774775766458775
4464786575887474867557767877764646576774553653436445475677557344755776643499936777765634635554344677656436666474376373773654578777776878847847766666655
4866864668875766885754655573346473353675477377463343663447533755655633553499937666544744563473365645557376556367735553457653845676484785655756488455758
4457565875757456545744758654435734763555663754434773643544455436635736474599977334475444774665675677446476343735533365675344667554885656668874446768476
6667486655447684676457487688846656673675333376656737677345466647456633435699977377375433767454756735334753467367365456655657788886464467864474848547647
4857575747788847676465576844687746463545645535546336747653733643554744457599934467533667666465645746444775656767333364454865745648788578444665847785776
4758874547488587884565464584647654574335465337454434377473655666566454745599953536475537777436456755645735474466363537675785854788746487655785647785685
6465786656858646465767885484774757356546373367535663546453654465544566554799946435574667337375373476476677765343454374656754754786687454755568458744454
8546745556666646856867886574685675785577445477553767764763557334435763644799946356665677647753757657657445563566734658854467877655577488467887486546678
6585485758744446868866587484677845884566564475767435677347357466374576576599953547576734757673743563573733676567448687455887488555857458557674448578585
6755675848787845884488658574447455554564637545637454345757667347345777437699966677645364574565653567565653636678746858868868888574777554877758748476647
5847865866567445467744755744848786754864476744336665473675364575453765545599967774664464737576756755647634774775878456458487745484578768866448848686486
6557455777675865857788777887568867757867778475367577735646645567535557546499974546467473445444334474546477456665688684467857845867484844466546646846485
5547464476687688456557858787477856654875665547345433356634475673734547735599953666345676646436537365554476758585757778774457446744845466748574648476745
4477575688574876867468546788748884468686774758567537535776377437733773334499953774536445656735767357458755657588885764485458445587576685655664756668548