15971948550
29513922324
40905215228
58635484834
64714189866
66091470601
71333092307
80066737564
83533346195
86718952265
90154124565
98680705441
200730382371
412341993022
474083070454
574686486189
881051386854
905449475878
930371259472
945769620797
966199454502
1058547184331
1099028694201
1155941785914
1229560919793
1253532631548
1328847918563
1546151628584
1593759212695
1745518206819
1887257078000
2036456566758
2270861631760
2287236151981
2381710642484
2435332782812
2532804134353
2777201146869
3043770740704
3093031238448
3438829154113
3643756685471
4034513671310
4255370842619
4649684084604
4676803006338
4708931831693
4884848956685
4892262522056
4925559399769
5153953009919
5157121615581
5195748035262
5222195371856
5406967059852
5606702897472
5628770149564
5689327312675
5729230422824
5855621359177
5879562564678
6031265037401
6083113356655
6266025622409
6291171843368
6710364169505
6778885252257
6827197960286
6830722674576
6840760245240
6853162486647
6879871924404
7314244232233
7322183013168
7526675082365
7620125682664
7710123492216
7740912424630
7862752112633
8015366113688
8164043687490
8451746003629
8494433951471
8664752121607
8761264697160
8802620110751
8873448315786
8979361443354
9020855976165
9170229029042
9297415250014
9371683241857
9375633480279
9446452711475
9588428611748
9621739538298
9645860180427
9665068371666
9790208564913
9808927884209