36 76 32 80
73 19 97 38
54 87 83 96
62 69 70 15
93 32 50 16
94 10 25 70
28 70 54 90
44 97 98 45
78 93 58 84
71 77 86 52
75 83 87 76
38 66 67 39
25 98 68 69
30 34 11 45
80 33 29 10
95 26 72 66
77 19 40 14
78 47 21 16
54 55 42 59
37 95 89 63
29 57 52 81
68 81 59 39
54 20 69 40
93 30 14 64
40 65 59 75
94 46 35 15
80 41 60 50
17 58 22 91
42 68 36 86
82 51 47 89
83 82 64 58
56 21 85 35
25 55 88 42
78 61 49 26
29 79 66 72
61 16 94 53
23 25 98 85
35 13 31 22
16 33 73 14
56 30 84 56
37 11 29 46
90 46 63 57
12 57 74 60
23 74 50 43
52 64 95 48
33 16 34 27
73 20 26 72
96 27 43 96
61 45 45 37
58 28 75 69
99 74 86 44
45 81 88 13
14 99 51 49
39 68 24 22
13 18 73 70
60 38 61 12
79 91 26 48
65 17 91 82
35 32 80 92
42 18 79 62
41 63 33 22
34 35 79 11
89 39 71 43
55 90 44 23
27 87 85 22
20 46 88 41
26 41 27 96
53 87 97 14
53 49 56 57
28 28 43 51
13 85 10 24
51 36 13 40
75 32 62 29
19 95 11 34
71 94 24 82
53 28 42 84
21 36 67 21
98 89 18 39
77 21 81 60
83 20 37 50
76 44 36 49
76 71 44 99
12 48 31 52
41 74 31 46
48 31 88 17
38 30 30 12
66 59 23 93
15 78 33 15
92 67 19 47
86 43 77 65
17 18 24 92
24 63 38 19
40 10 17 62
47 84 23 31
65 72 18 34
37 32 64 67
12 11 15 91
20 92 27 97
99 25 55 90