1000 1007 1000 9322
1004 1002 1000 1003
1008 1001 1002 1006
1003 1000 1009 1000
7585 1006 1008 1009
1001 1000 1001 1000
1009 1003 1003 1003
1004 1003 1001 1000
1000 1003 1004 1000
1008 1009 1009 1003
1002 1009 5311 1000
1000 1009 7161 1004
1005 5698 1008 1003
1003 1001 1009 1001
1004 1006 1005 1000
1002 1008 5626 4232
1005 1007 6155 1002
5246 1005 1008 1009
1002 1006 1000 1005
1003 1004 1005 1004
1008 1005 1007 1009
1002 1003 1000 2686
1006 1005 1006 1000
1002 1005 1005 1002
1001 1002 1002 6651
1004 1000 1000 1009
1003 1003 1007 1001
1007 1000 1000 1004
1007 1007 1005 1008
1000 1000 1001 1007
1000 1002 1005 1005
1003 1007 1009 1009
1005 1003 1008 1005
1001 1008 1003 1001
1002 1004 1006 4996
1002 1003 1000 1006
1007 1009 1003 1001
5273 1001 1003 1000
8252 1004 1001 9000
1006 1009 1006 1004
1002 1002 1000 2306
1002 1003 9997 1009
1009 1001 1000 1008
1004 1009 1004 1008
1007 1005 1009 1007
4527 1009 8552 1002
1006 4614 1003 1009
1009 1004 1002 1000
1000 1005 1005 1009
1006 1005 1001 1002