4301
6149
4076
2508
3451
4036
9200
8794
9400
6993
1776
1345
4353
8543
4384
9212
3399
3009
7446
2333
2332
3727
3569
4148
9179
4377
9335
1712
2635
5130
3625
3334
4776
9482
9531
1572
6976
3693
4235
6763
2171
5952
6753
8777
1807
8377
5658
2550
8658
4923
6684
1794
5184
8684
8506
6804
3117
8548
9459
2202
4460
9503
6125
1254
5903
6388
3286
3820
8782
2897
1720
7864
3463
1554
4098
2824
1157
3878
1705
6658
2525
5476
7636
7744
2998
6370
9652
7094
7958
9241
7940
1720
1485
1356
5845
2235
4611
2649
6647
1108
2417
4758
2189
2043
7229
3735
5384
3302
1456
7252
5987
3777
3128
1167
8622
5147
4510
4932
8397
9647
1332
1059
3688
2080
7692
6440
2447
3406
5206
8581
3080
5788
1823
8611
7747
6703
8020
2703
7307
1864
8098
8251
7115
4441
2177
7742
8118
8158
1023
1202
2060
3314
8835
4695
7630
5302
8759
2074
5110
9644
8444
3331
6926
6206
5523
4985
6382
7565
7634
7297
1126
6493
1904
5325
1341
2833
1300
4644
3963
5645
4866
7391
7265
5521
6357
7419
9076
9962
3366
2311
3778
9518
5045
2742
8225
4562
9851
3399
5069
3495