99999999999992297371764756991695187145653744505085444372748078055243317975626798782586158413906516491549629739532629809157851686542924525270131764306947588413120131913997679437
99999999999967910992971582418686399188543262864099764394602199104146770404637579723213946988526774423680127713620115543041309897677038745907591352216564507448276830363526963009
99999999999995919999179399184951120454963608888733158608705902860244741312332317848558138627546798978461133966092484342379222660029994322934747940811514177457917243953295147527
89999999999999999999999993588570585760983929174152155496729592435318412224722257711335687695769999946738694467314377255745398952303978487614074824232919526922858065611720706960
29999999999999599999993618802665648766621344277803685005376124705176177110342149939999999593999999995751599999919263796961837699869820544027505506991177949505398612500622701705
03399999999935199999995728443379730942131452662294759220031789160098191329322123979999999999999999999999999999997220769997257451273006547650220376350088746190866071033714573701
79999999999924395499932816045611915064283774222815758968783990413615455599999999999999999999999999999999999999999999999999862178645694036249653093778881502469976336132383693537
74499999952240751307160806088488876901936028475064128322051215801932201659999999999999999999999999999999999999999999999999976127998931973722160049391157570953173033392772459582
61999999923417392965038200222204973464665551272355052459588430545399996999999999999999999990324199994668299999999999999999999497159674511912380535536217367889155700193598820545
59999999947386180947599294132363514713993880970040020025822886999999999999999999996191199999756319999299349999949999999999999999999999238462460366467013648033817827963445190084
99999998428658756555198274616962780137757515881314806253769128876999999999999189999911331627598938830213140969642516999999999999999999519302441024219902895630321377564708001406
99999992009997399935772423630988183247552388382054467662466611747999999999803932109634594925996777047521339620315675999992999999999999934699927015744645612088918883764048504304
99999999999999999587561985588253404770195465909201103895599999999999994999933441612545942065087352722193179206199591599979408499999999999975243023351621691597737058987423193357
99999999999999994732723670506535407550982364384920801833989999999999949704538202241096995604361735827477526363318381823596417499999999999999999972734631877821769994523308551649
99999994119999996045539833552653154549631570307922582932959999999999991852636462133246600655197142360034468130714871738541575999999999999999999956772509972655596641257582276226
99999994114166108913568343850917780632925959932102742396999999999995878703823990211759340528605465493212569622348952709124149749877042999999999922797247205660188635663618045635
99999997490376317930992903740881750650853643759472852999999999999674083893265783094981933069002008036704071856714588513070383763878780299999999962650699867758115410247287745594
99999921195017953992805107333007253253343628467134699999999999997419054842260183071959772036531443398932386089052648256508337773175221699999999993991258630409534220753396330570
99999949610257237994325375183742557500840996716563588999999999623653776421361859388590451326572824888921361337384850095579121370992759999999999999999999944424156608190877634365
99999922652586684041094839884635284266636726441717341999994883252722489909540739535012685621636970921618123021412215866146454322544462999181999999999999999613829616743420419615
99999979994099910313242656640607163025143126740214999999987869405690081050217034785953699977990748587000165161181236552883510339072341469614079999999999993483279111995309613325
99999949999993933977389395152849885743284555709104999999999153391199477405651253957999999999999999995209707912572251039905635248002428201280405999999999953483866767178375640512
99999999999999886440699653805856178349061457601242699999324011403455001000951629999999999999999999999284862776098557310730076425807465024942713999999999692569119400583429364281
99999999999999320599781223734579899687046301525773799992684859583791644870539999999891873179849899999999909735868078043015024155042938112615599999999999861817499700051463742897
99999912899995350172669462909431292783890604228319999999965219611538911729999988811714621309914673939999999941592738617809149511996075519258199999999999999954222349603003103020
99999991177427236930681558878644182934664539731599999999903343965508167159999151012112006170703525793999999992310941496849666337971699177983281981939999999199999835572243673458
99999913152558937992738844048123516068471756175999999999127337256151192999989280882423896480373055503559299999792248733529123626816282049617264933872999999999999965211981655615
99999994625794364158392788494335204457405747568836999999299984799774465999903282102888884121300139383390399899999083249624757120723396398464241771531699999999999954141392788046
99999965482647993514425198401057477790094118886174999999988590885436639999270900888999999999288727856459174349999921390718954233128277526556819503339599999999999533441063041121
99999916992929992755094528746305451637008388318199999999238579298175119992098248888866369199992633643734795999999999745109845520090720969572111892399999999999996673502479857343
99999914999999496090569127956169766164293134806139999999623685155894149991735688888888894504999680525811833091799999143282927102883516003376853166399999999999970676782178134005
99999999999999991497879309840559243582314553715295729999930472077051059998460088888888884662199990555533379946799999059259268092750858265086244669375493899999999999805961222136
99999999999999982103261820325808264970482625948123899999996118585295563999723648888888888280629993068576818896999999727247817239171528632710475916758947839999997499992964808611
99999999209995261494225340022733620590711851722331999999344413244534990499933860888888888379919993458845504239499999895093512175448689095095540980997580069999999899999941011820
99999999974686374109983470721871995547804961213041999999999113734634508499998401923888886246869999679662686439972999995736932794757025763576833156297137667999999999999996939122
99999999921723969013270488464893205398777816310444873039999919321428553989999999999998845601649996142033292311699999999282056089452437839665731379195197213499999999999994987192
99999999909783019193895069700419123331735276302965942899999925640859134637868688888422606844199997478552509101499999964765652965135331125962492001453615099999999999999945938480
49999999995153526998508399029199081588820582876254616899999999967845141301470254992830878731999943877021847799940399991910861555118872956434180160410296999999999999999247221162
79999999995299916996545756405708956525230576475399674062219999946130854012232293498629440499999916945971501312245999999419321638940231821707143599405961499999999999916470353998
13709999999959999999653016156520343876120998703678740535129999999997893367047960423145845999999732992973011127999999999118712776521400313132715497040737399388999999991289791729
08169999999999999999842719371984914366339892913290298069729999999999699592434522024792999999923282215344380640938999948121547503348098602697413063836990286732079999999998666896
51931999999999999992034169635112808583495807791834445572048855499999999414999999599999999992462937864737698899976999969125965252010223315575024327641400102600651999999999939464
22199999999999754740354411326151661552006873470853328913921210399999999999999999999999961700596510049982811774889999999498619566231305806106512716698499773500780699999999999824
70999999999999995978309622621691851635289802299366688787268371437652899989999999999549613877004637908491318349999999999771511740857497719873739944335797918189251599999999999993
31999999999999992767625149106807556305491595723594705693945608911263241611299224112727605519853393423407125121999999993115224140576322438767943934171585112719295699999999999992
02699999999999999391804799948257274981885429737998501562323134975178726712762111309678660278111601154001211978999999041287167055808200076538890857371719842999999999999999999991
49981969999999999998999999999473715177959561122986599563089533411881255660538551778585297536923620790852479999999999586866063127560458278932130335693470183999999999999999999378
80948791899999999999499999999742459221262574990647812746067379973062830461339451552431485862182941819263499999999999423632083338841951098623175133102469579799999999999994991466
85519999577989999999999999990789273735059001083592502679024456677806051191195526818654868256122555526924689999999999157072165048935976744884666258196625309997239999999977051608
04029499808459999999999964196486376449796474830777220202154244006490532031235224862253189211727904046815199999999995745696833760885636944846079064124162989496384999999972343085
46113933489435999999999999910192934932280572648286130988480625263574552530412899308381794996796703029999999999951137346495348519130641692791951473992592937753344999999656999118
05706475341919999999999999354925424998889189365349636362763305895445843180411898931414471155337983999999999999937477830512489479827391659831387615718969132493504999999633891181
90389165171999999999999999999118999999956219986741056036385999628441750271776894320121942037517299291999999999999929762688244988612182725217552967313996645715199999999654999993
10769676188749999999999999999999999999931792388098617136072207294224910875513040070858012663748986936999999999942236503131737943110574153655147941167547557681539999999999999999
38856928426822499999999999999999999999977553489271937223155583544871006826850588009343642199999992699999999991098210306113320464285566248901679295477589045599999999999999999999
59114419010913633691659859999999999999999069989999965681848851660773091903610197047334779404999999999999967913742713923595036285149526291848357023784940399999999999999999999999
90274210991692533999437441999999999999999998699999990198792410794696650142928824999899915880299999999999773955250390721487912430874749487844222547745573592999999999999999999999
68791257642999063423137240799999999999999999999999952127719999981499849919984214679999999999999999999999896887230685090486824488767753472724041399213086161999999999999999999991
20553916847075109033677108299999999983999999999999994141533899992933785899999426599999999999999999999993999937842204228416741476639114579292852042016179799974499999999999994927
17441610797604945949975130499999999993749999999999999999999999999735692999999999999999999999999929230684170762194085579175515409639565593445569961707478891187385999999998679354
43211489521686734899476722919999999699997199999999999999999999999999999999999999999999999999992350062112643348846131310042747286657923135222370621719617320649257429999999916886
29017255217871349669999933400334999340731999999999999999999999999999999999999999999949999999999997172245373581849725752196723748268964568007397642429371283980271591899999999906
63796036651949711089315027450546499947784799999999993589999999999999999999999999999951729999990120784938023578952108271891260762409910153843468730192132238325494345799999999936
69778902207363822601818731948760129554431879999999989958189999999999987199999999994292879762436468979952018886012006800175397370444060766153793047725921727085612925665999999946
17706377434109983964818309057176770710178701999995926914569999999998986688999999999926126134524601595776297494229979189430943683027616997300466908412125870175731899998999999992
48918155928461337825097275659496942790429326897527993698348999999942785514604989309962187186138262617716508388730320328676167267587034179473497057078179999999192299999999999998
08112480280884340923916084029411957656066652782851999465977531442799407397874953192266025276628148739217605328380090276319506183035064047970781426055999999999996799999999999999
94144550988569276263580561644139954987344512971119005277111176066337752713227983320004774308365027346670923090957469953374544461170496965953511021773449999999299999999999999999
47690495061473127869867955713615767548495259272275992591674620922461509294852121302507269669643249889572717762873796964309361279598621518090401279381359999999999999599999999999
93950537116571893728386057458718458703072808822631165972996351660302267966758704647466634785174652738904002893190653764116832014402876153615274083799994769999990965999999999999
70809250072180001619069244840765413063273578110717823189759204346561467347049396051807213388275387611617530481889603850828471250451944068344695869992499519999879654399999999999
71583263532609798978950435536342896436725287828282604331631263744313371213109079932437495585426816002887243059312299251750277890726845207579999279440242314749912374799999999999