7151891523213174989487293911818986118421111335621656458512671227137842473257136695558727848753586319265245231573656813184634988964338648697365773784613247877837394563299581813959254398518625622114394975
1748616997723683172142121987328218521111111113499734121111111111136643816481516848817973936293728411111144416951483273645495434568111111111113898987854811111111769625628594843285952391634671111111111417
5796111111111682959721111111757194211112758311866992561112111111111951996111111885258839871711377114493112949471111117661938411111121148626351996694111175529611177492111117362311111112746111168616114188
2611111111111117557771113224118274111863236532864295554111187892511118111121111133617528766134929195848184199671688716451526571154765859647982927872112839699331124411193868218925711136746114165591899189
9411157825361711196248118272998729651113831279629843343771115785381158557121339113798581618379513156547696473314248315553712611829867327911114415181635447464631171159941495981511115788819611734629594875
4811268548613696113218881117141998139111123337275581836946161191421186665111897978664689133991379115697133765958145611968959412459691111452257455411462146469911847117142936679493146652413536117719541569
3911163377911119921962744732279987327122122453545762373947859111391118727911113419666411292111472811684968894415594719551212311111111191711111219115431111117116179741111111887911833799629589789288828649
3241111111111111152458323541976721129675355987822111111111816995111989375511118159424169965179384788112151533874521311978541841111981111111111298714177366251116928145773723681189981364882511182357663497
3335111111584571812129168431111111191413676859111111111111117273595614291351211519411325141159311132111963923111147991465118779435955561183413444916188763578454927978758881111119756574134111211115359162
7982845884659562969863169711222222115867752111111114539859119191929921111111111111117934644195351478936279731122168216111631477191166611355616285873699118121552241268361115617891957745411545719481824856
3291543921883561119837426112111111111181325111184678832798929767191111112216737811498517341211564822256174111222178827871694365111118811755131614498811161171929631472111516623822241651179673771877127894
9275738337867111111115747512136378494185761117452122162587634616511111412218182992986111326948414387916711111232192892325435711122117417378147247162715878212799113511611491388683433711412683433874157941
5299715911842116731331142711114232764133261111921252811111293375111825712218367622311121111885558442111111431232111494741911112222111216724516116391111696459663312441556221494218435217748284236377118987
9514111111628711675835511264111167236138425611111111114961896969118351812116151131112221834892511111111236811222111111111111112332187111231241138255511872997948119772111124171676358318923114727247118613
7441111111166459991313775412961111819694187186713691919421858783168373111164366111222321794711111157273858112111111111111474512322154118382178714393286111638432151966429644935496625117341113339466159311
9811164952112476432523393922919661391659696969628111111111181449134468111269811122233321731111578425632571111111597292313771112221191111115284574646811371111111126135797646293884128711793311778721743686
5811134177611361193648271116972881161668472956169111111111111865154951113811112223333221111221111111121111116999311114799411222211985161514467511131786495514748462828426392115172725715326621117111234844
7411492126412116967744111211112978611111111124431111269491121347176111487611222322222211111111111122111221454257411961711112232114642269482261112122311229877718389623721113951111682271331766511156148154
6411474152338511226841121111119469112111112115921217521616111717813913272112222221111119944227696111111121111151932712111112332187757432325111222167311111111142695298118888992711937421696278452195935353
5311153517943616682217121476111972121111711212531111543582911541544153111122211111651756866135395911251111112111184376224612222111111111111122222146811121111113365811767387861117897111665597327854622196
5651166911115243785751111316213853121438131213195111193459915421571511122211114854644827866447148369453873411112111194611111111111112211111223221177411972111811978765432986161115926843331314635928373739
8271114111134259571372411165821685111116741118251481111886421834191112221119973724657111111111111111163428371611122111111111739784411114171232211539511858644711127851917178199468268537559568111111115621
2774111115518761775623911111486948312192881169813279647111791789611222111964897871111178596114511211111111844927112222126516524679333813511232112243371597387241414693944597111187733828479851179832791213
5197871941111711111118111314111676111117172359844838738774834271112221197689228118745231314584169176215611115657211122116938591111116891112222165124596593979431564137691111111453931962796817319766821478
6733359143948111111111134499648527472311154649811111111155843311222211565689651346612426758111188556454992112818872112211748898423317111122211177472318277128461672481111954126495877227179313325422111764
5973435719841111555361155917138464611814962941111111111115467712222117617681318819913841111118286475111111145349726111221111633481111112221119492658298684986818285221131722571864974377948118748571473225
9186522141281115588555165914111111111313644691121424831215658112221147441851399359958111221146448911179799611654113511122211771231111222111379624621114355343973822546116211112228211111972821314569425973
9451291121686111852789569941111131111111117424121463411113851122211111292621711386221122221866566148882553241111117695112221195165691111179379362211721156619391829419211111457762151853116636129437871593
9583119785529811119748828386118779196111134736121126281175331223215972111862714286311223321186322598731769661121411215211221118532513111243792572411553911496472356358351865392711998423611377829813365468
7429113154243622611117411854111141833621113396112186211134211233214294111131582484112233322115567578211514511438127218961222211124323511672613671811148231156458995611111154956614821182114912145111111175
3344174231264511782262924614511113594718536918811117411979912233218145913125412158712233332211111111111164911381154585431123222111111111119658935525133591173653441123681113371413675661155337691388711159
4171171481118431467288113189726111111164577873111146911147912333212885894284738659111223333222222222221656411758582821497123332222222222211162458532919331117197114212819111178146437372113483814219981165
4871186821216376511111111713736975892314762442764427711431412333217381113479397246141122223333333222111111111746991134239123322222222211111948322153899468117533113281819511136626781188342127765887511121
9551165911219751511118116483921982441891113941673116731515712222211111111111362581758111122222222211161112212788989111692123321111111116253758467159534548819544459151137111497348492454712567345934256955
8111176961119512111514291616795921111111211111185861611145912211111614559911117776123714111221111111144612211474953911222123321888342842742873382183131722116886168594111151744555891111111947265557531498
4631127911126211117573939146371111222222222222111136486937412114118616914275111112626755991111675487161112221516213411814123321175821561411111111155211845124113198662135272424111111576811116874191527799
6165115111552927111573111558211222222111111122222111858543311174211129416841581111932992593521128111178812221152815111161123322133318639171984854119884111136577454585363987713112188221826118598466232848
2261311119986842911111181449112222111189221111122221115811115991111423912864824911113726449384113181296511111862363911889123332111711333264182578112773361126891111111114943191145934939281119768111138371
5725187273116211859271267821122221168453866655111122211112211111157993111629947241111115784843626552111111211242316111275123432221136595946463946511182344183111111513811145551396584661111934581167111294
4853229347116449633518851181223211774311111124878111122222211297973655111311153624561111111111111111111118311157961182382123433322111514361234661175427393484154565918651169511825831111624555591244511156
4281918231167911547552943911233211396139764216193521111122211812791542114825447774829341221111111111169136111572311368411123332222211646931811111916812493362153627746111555421681145935951673419259851116
3487713471851411379534292311223213124429898149716451246111111111186918315465812231983111211793858811986651111933113113911222222111111118878311422891511113237115864811139171933383151111111525678844911636
9927972911813111143518532241122211542591111111117939335965778947353917322983643351111121119465547185831911119981171493412232111126696335413662991111112111361111666565894173965753511115911116388734674399
1274933411211111511162461468112221199211122222111182317553643951133376691659111111221111441781461564446661143611525964112332162975251511111111139579122221116658154394588872287934411671395118988748127569
1329841211112116961177421171211222117121111122222111188525372278265369111111122222111973945992277546531111176812849886122332158152859111164191128476123322211165711112131111111128816164371151123374365417
6248916586111153791116211119571112211146265111122222111111111111111111122222222332137676993181111142549211433266565711123332157614163112433411529961123333222118427399111111111116911821842427373411128494
4919211281729386991534111243981211111111186324111112222222222222222221111111112232111111111111117419943311975668866112223432111652678143421119494511223333332211512221152829987115381111623368191112111373
5815341153785561451297811512172465771111111358479911111111222111111111526266211222222222221111588295111143337347881122333332221251482972521142197112222222333221185611718278431116736891111461111144671147
9427871163146611611184111112189315261128481159477999194751111167272431447435491123333222111243236411113111111117811122222222221226135747117551381122221112343322115211232621111164439376897257213492861478
5338742113889178171111118141111111782172317979842875282513553511111111187311463123322211176399411111874711741367112211111111111191113111182566911222211612333332217411548571125331158111111328563469411257
6517875116884111592211153521111111171768111111112497449132138781336511615282551122221111396734111515311118115211122115924524843379689124577845112222115212222223219481256517577211111111111442985897137215
4515154111666711116455773511761451114232111111111239367173223626838117161441111222111964872211339621117355756112211193599938766858957113265411122211179712111123211814855442141111114346751841456298737221
4711357111653525117869571118886311191554311924711217147911116726851159741111222111133221131114277116147112771122114547374311111144214735651112222112594211118123221396512148991111171846832141915236358526
4751146117147118114161333156268612147561281154631167861115849936119853111222211189151942467388611544114914111211121421148253111279673811111222211186857111496123321636196594181116112721893447424111143861
6488411175711117111514311198369911143817914166738738111944349411778411122221113729141138566856114881144261122116296111111114194851661111222221116663331119685123321438841711181111195319693136211181111424
6672512214946411119819581332122111567111111662229642114614171154511112222111636867252111119591115119885111221186637935136997635111111222221111479113181112944123321939843112175221111111124555111675971191
5112486512884831476398998862611137226111111421293841149541117593111222211184852792983412215481111429911122221581417681158111111122222221111788311932411189331123321211111122113912656749362421116978791118
6911866913361471285544131692868965441179111181847361137111361381122221116437883899956112116374393928112222221111111111111122222222211111552643118382111188721223321911112222218569816188673633175124981176
5815854948618123632283377583981319491916712158716786111162651311222211358524191333174121191382946111111111222222222222222222211111112539311591133311111834751233321111222333211356911111111779911641231143
4258711847131417212298781882212756991679112117899862276463951112221111962719464455111111235546111111135931222222222211111111113689967514511117557111111975611234322222222223221622111638631372639133111272
4763481943166195114539161111111726194892111129982418623657311222211375711115946682121111187411118264895111221111111112788965497294775584225697881111578655112234333222111123321198119363721113628919557647
6246571193135187811781192615311126487111311123259891549833112222114918114669816891111393641111181866111111111892442581328641111111111552494769111117435911122333322211174123322149113685719133491131532862
3641721147193116461159137116771117572465116355113811161631122221182521194313158611185764211154781111111115829819239171891111111111111112454111114154651112223322221111439123332157118617762139674227788544
8811411146116812281195479789611138799521582391133592144711222211879411711311223115454621111364451121119631633544296111373517125961312213951113412732111222333221111795731123432161911139423172438511118539
2181411476117913315111914521117312249199966111765186134212232113931117142119561147157911114383111111251416821533918111928859755153412112388393839971111112332211465133183123432136375241199569111414911792
2247116959311118478157111111653643151311613211577971141112322183191184511111111828672811127381121119111729711679111176427611752832111135185219633111116912322118218761156123432158131963923149442197391738
4973232619311158989681414759598611187411641711339241164122321116261214111254685261148111763311211616421157212713113931273442438911119562546227581118873112221148118311128123432151643861111121238129241214
6119486719412289253786183679118411117971192311639119154123321429516555119648649998817111212112217538516475111651173389415931111111661391621319111115781122211114113471184123332199481112681621188445258333
5663128189477253714823111391958111869181893771111115451123321779816844115292814711741116393122114113113371124311242991411111111178313834281111111526911222115565811421174123322184211832888421168728542827
5291391314673295661642782811123111617111742979337895241223321528688257112999572116321216481122184141126871261811524167138713231177384728611111776471112221173766111151111123321139115474945511426243874275
2311269112983291321187366681991311111169415924362383481233321872298472111852591192441211181222131851855431784918622711845479551117111111111124344711122211364512612111771223221396112734431113274534474356
3791321115667157278111179411464816241646787819217668441234321471111113511172111179541211491122141461162831411414752221669279911111111111582444899112222111213623111111161233211891618711297826533111111668
7791111142811775111881111111431155295521153125143391741234321577821113235111113859771115566122112382118111142517647961677981111571369585311164171122221136185611144416811232211134111315976538111343211281
2222692442415281178344618775438153282849881121611979881233321896684117295291691124375118835112216911311533179718331111111111135233181111123895111222111486242511423868112232113597421112112711969825112984
3462519781111462145532879495545191238512511191911626361223321158611113439475193114281111929211211234151111181215211111111195796155117878364911122221123351982211124157112322114451186925879112383571893195
2635496251112611171979128526475981127412678117941157341123321641111166811111111112455111143771121157432511744217465593697632277825553417621112222111794319476211114171122221199241117354921128477215722695
3591578911127711154989111911133111114115551111111197378123321197117916311757211559368191112276112119422122686113426782111111881386531554111222211123486812211111128411222211564111111189911561325725399622
6311111943111111161379912766147111126274792982597857454123322188111641515781162754128331111169511111116362114667719111113391165114386111122221111738518516114954434112222114351113264114711814853761745613
9715448689214957122596211676911111918631223243933328617122332113811196161326824638117973511111942122211117281242359575789556259251111122222111429591189341375882611122221143821119659511641111111173877763
9118139551166382917994419755349672845157111153111112175112222211591138562741118837111181786211111123222211111465464882235451111111222222111124912371611475731853111222211942868145313431569271132496111493
9162313555138716197452114575926523981562228482153531115911122221286173198586911924511183887738111122222222221111111111111111222222222111186371557541711253577551122221112226928119399211126159152311111689
9111432811927271199911113264389219111492952514499388111278112221124437115919911165711111148151649111111122222222222222222222222111111127218129111193511112527111222111222975341112615731159924933417691144
3697889197178162111117681519594414841114598894751111112467811222111852111891731111811181119141764783353111111111112221112111111188238896486311111193511493411122222116266648111115731111185915721117771186
9156461374319118511249239135297871843111111111111155194573991122221189111164943111115248116331711114318168674981411111511161416151419846511111113298113581112222211175471111111831259611824866826497511123
7917121342925111637166331277946312112222281165288922896193273112222111122111133851111111116719137571111111111541177753253511111173978911112111477573542111222221114297111498111397771333964221139628391144
3559191137129191116436211113891155264543111854764784555817243311122222222221111962869111199737293765797941221424311111111111561718111112211183968139111122222111782611813711145559639119961421192655711287
3656975112718117156926623111118755333564211543476111117911418956111222333322221111687129578435811111111111111125127991111418589211112211118469731111122222211134631184977695431316824691867843153221192967
7516191711144315439984912877217593811111111111171466951111376945721112222333322221111131452949126171111111861399721836938511111112222211863811111222222221119449811687322132141173111111177184111111339159
2842111389416727711111111651313443156873911821349682221943297715827311112234333322222111111128744433774818391367385811111111222222333211111112222232211111993952611111188741566111111449817691512814142272
8494611338152968211538867313588388921736958259357554991655298847572152111234444333332222222111111111111111111111111112222222233333343222222222333332116241281412166472958878411113935688358354393411111895
9927631979291911861151814761112889154249965885231781168435611828854625511233333333333333332222222222222222222222222222333333333333333333333333333332137652948765895837974213341119854531116961961111541158
8995641176186191535111157281118869611111111111111111111111111111111111111222222222222222222222222222222222222222222222222222222222222222222222222222111111111111111111111115268111111113567377952113661768
1713291182151321143293111119427386338874811111111111111111111111111111111111111111111111111111111111111111111111111111111111111111111111111111111111111111111111111112111463646239923234855888111165717921
4771861427112188416272254137938515198231521117758615929375973439715326138616132636439552559544363229571749929498819976283899647748765715286351747464816782698429119293318178257728271111111112461179445738
5963112355811479177611537499449663344611561283471111111128881811112753211737691111772581665211111821619514888889794636361111185292265431111738882757149111111112239822111111187332311644641311977139112226
2692726254111111171866341115475595212725116682119439111115611184311115692111111111111613931126433111269475479114582896111111111116871111111111167764511111177611323161174661114171113233588631616115597577
1571691293612241196541754391118261827172411461969128941166117884621123446186385435121192311451744815949519322878119241115611982114721187776298113611211184279323467835817887119894115299284111643378812414
8225515598326159553976919484116361117842311971669568111456181251111788552229934811111235812465823188355171972733111261151886123259681785577974192371115926584612865939631356911242211118717246465715544671
5579177844474467921118448111121291114618119242342452163448241111381625637571111111824281836979827865267973111978411515112946229886891853414211441139113837911849598148575994215759961155342195154738743886
5341527761812795597641145259868941181161114231152914299341618231596129279151917736356438948432693611111137351136181381131448186147832563411641359876778611159731337289226628882286156451919617378111116511
5691343198381839267748511799812698423665331893225753971827836391127445819691159155326996728337698116921111225817897127386212629137921935321111156317948311676564111653622294113112937113287813451195411114
2111445115211169371963681219231111111142441856974611111111165641183111111536521144755161111111631168639381878172137523788998547128438411948761411111221118425452579116744118873876145611863515635186911924
1771787264932129315442811372511665357227111135482838459859211162111968881111321316572641785611335915727844184218768196683497171169919133531263547116282115223675448611177148174128298931925281519421311162
3851112493181829481131114567896838551241411141363415532962114518161112341112527948112379661117968599229117985281524157447622751115384173777187111111485611196118423571111117686811152811542596122818117678
9846111111114254193111196999313911111111144767957641111111623764549511111191455619453111111445119829846294952492111111111912613821111168583522638198883462111118649482248676255489211933652664111111185259